380

 

Aeacus, 11. 262; Assicus, Asicus, 11. 265

Ascoli, Prof.‚ 1. 5, 7, 8, 9, 11, 14, 15, 17, 18, 19,

20, 21, 23, 24, 26, 27, 28, 29, 33, 35, 36, 37,

39, 40, 43, 47, 48, 49, 51, 53, 54, 55, 56, 57,
58, 59, 60, 61, 62, 65, 68, 70, 71, 72, 75, 77,

79, 80, 81, 84, 85, 87, 89, 91, 93, 95, 96, 97, 99,
100, 101, 102, 104, 105, 107, 108, 112, 117, 119,

121, 122, 125, 128, 129, 130,131,133, 135, 141,

143, 144, 145,148, 150, 151,155, 157, 160,161,
163, 165, 166, 167, 169, 170,
175, 177, 178, 179, 180. 181,
192, 196,
206, 209,

186, 189, 190, 191,
201, 202, 203, 204,
217, 221, 222, 224,
237, 239, 240, 243,

198, 199, 200,

245, 247,
251, 252, 253, 254, 255, 256,
261, 262, 264, 267, 272, 273,
278, 279, 280, 282, 283, 285,

290, 292, 294, 295, 297, 298,

257, 259, 260,
274, 275, 277,
286, 287, 289,

385, 386, 387, 389, 390, 393, 400, 402, 403,

405, 407, 410, 418, 419, 420, 421, 423, 424,

426, 427, 428, 429, 430, 432,
439, 441, 442, 447, 451, 452,
460, 469, 470, 472, 477, 480,

434, 435, 438,
454, 458, 459,

520, 522,
723, 11. viii, xl, 52, 53, 59, 60, 64, 68, 83, 84,
87, 88, 89, 108, 113, 117, 119, 120, 136, 144,
157, 167, 182, 208, 219, 415, 416, 419
Atkinson, Prof.‚ 1. 127, 538, 629; 11. xxxv, xxxvi,
xxxviii, xxxix, xl, 301, 343
Augustin, 11. 241

Augustinus, 1. 681; 11. 21, 26, 284, 302, 415;
(1108808 011 1118 Soliloquia, 11. 1—9; Enarra-

tiones in psalmos, 11. 21 ; De Trinitate, 11. xii
Auxilius, 11. 262, 269
Azarias, 11. 303

Badb, 11. 233n.

Bachal, 1. 526

Bairche, 11. 315

Baitz'm, 11. 270, 274, 278 ; Baitanus, 11. 272

Baithene, 11. 274, 275, 278; Baithine, 11. 279, 281,
2833 Baith6neu8, 11. 273, 280, 282

Bannister, Rev. H. M., 11. xxix, 419

Barabas, 1. 492

Barnaip, 1. 563, 620

Beda, 11. x, xxiii, xxv, 148, 312; (10 rerum natura,
11. 10-13; de temp. ratione, 11. 14, Hist.
Eccl. 11. 330

Belzefuth‚ 1. 523

II. Indeoe of Per-sons.

171, 173,174,
182, 184,185,

210, 212, 214,
225, 231, 233, 234, 235,
248, 249, 250,

299, 300, 306,
309, 311, 312, 313, 314, 315, 316, 318, 319,
321, 324, 326, 327, 328, 329, 332, 334, 339,
340, 341, 345, 346, 347, 351, 352, 358, 360,
369, 370, 371, 372, 373, 376, 377, 381, 383,

481, 482, 519,
700, 716, 718, 719, 720, 721, 722,

Benedictus, abb„ 11. 283

Beniamin, 11. 248

Βο111311118, 11. 238, 262, 265, 266

Βο111110118, 11. 260

Beognae, 11. 273; Beogno, 11. 282; 3011.
11. 278

Berach, 11. 274, 282, 365

Berohan, 11. 280

Berecynthia, 11. 125

Bernard, Dean, 11. xxxiv, xxxvi, xl, 296

Βο111101118, 11. 262

Bile, m. Breguin‚ 11. 316

Binehn, Bineanus, 11. 271 y

Bitheus, 11. 262 ; Betheus, 11. 265; Bitteus, 11. ¹

Blai, gen. eg„ 11. 280

Blaithmac, 11. 298

Blathnat, 11. 334

Boetius, 11. xxiii, 110

Boidmal, 3011., Boidmail, 11. 264

    
     
   
  
   

Bosworth-Toller, 11. 34
Bradshaw, H. 11. 269
Bran, 11. 281, 287
Bran ailither, 11. 286
Brandub, 11. 281
Br6a1, Prof.‚ 1. 722

Breccan m. Aido, 11. 364

Bregan, 11. 307

Brenaind, 11. 335; Br6nainn, 11. xxxviii, 324

Brenden, 11. 277, 279, 281, 2843 Brdnden Μ
Alti, 11. 275; latinised Brendinus, 11. 3
3011. Β1011ᾱ1111, 11. 280, 283

Bresal, 11. 281, 287; ‘Bressialuffi 11. 262

Bretht'm, 11. 239

Β113, 11. 365

Brigit, 11. 235, 283, 284, 295 11., 306, 323, 8 ’
325; 111111118οᾱ Brigita, 11. xxi, xxii; gen.
Brigtae, 11. xxi, 264; Brigdae, 1. 3373
Brigtae, 11. 336 “

Britti, 3011. 83., 11. 308 ·

Β100311, 11. 263; Broccan, 11. xxxix, 270, 866
Β. 016011, 11. xxxix, 323, 327

Broccaid, 11. 45, latinised Broooidiue, 11. 270
Brocidius, 262, 266, 271

Broichan, 11. xxxi, 279

Β101080011, 11. 325

Β1611,18.1;.Β1011118, 11. 262, 265, 266; Br0onus,
268 ’

Β101131011, 11. 266

Broseus, 11. 262 ; Bruseus, 11. 264

Brotar, dat. Brotur, 11. 287

Bruide, 11. 279

Burton, Sir R. F„ 11. xl, 247

