IV. Index (ff Annotated Wo‘rds. 413

8801111 sor 8801111111, 1. 344, 724 nadib sor 81111111, 1. 428
888018088οᾱ, 1. 637 suite, 1. 517

88011181, 11. 415 maist, 11. 415

flecht-aret, 11. 123, 421 superbit, 11. 95

sauhte, 1. 67ος 11. 123

uoto, n. 419 1 for uuasffirated d, 1. 718
nib, 11. 415 1808111, 1. 364

06188108, 8818110800, 11. 416 180811180οὓ, 1. 109, 719

8611 smil, 1. 495 18018111, 1. 708

-88111, 11. xxxiin. 1861, 11. 166, 215

8808110110, 11. 239 181, *11111183 11. 195

mester, 11. 415 18108111 for 1811108111, 11. 419
861118, 11. xxxviii 1811118111 110, 11. 416

nex-ool, 11. 116, 2323 88100011, 11. 419 -18110811, tailoiud, 11. 240
8811111838, 11. 8 1811011101, 11. 234

sitm sor 818118, 1. 656 18113118, 1. 370, 624

nibal, 11. 415 1811181118011, 11. 160

nidi, 11. 203 1811111011011111, 800. p1., 11. 117, 170
8111111 0118111111, 11. 417 1811113118, 1. 367, 371

8111 sor 18111, 11. 62, 184 1111111181, 1. 679

811180οΡ881 sor syncopam, 11. 172 tale, 1. 89, 719

81881118 sm· synaloepha, 11. 151 -talla, 11. 134

, 8111811818 for synaeresim, 11. 169 18118811, 1. 237, 722

sinister, 1. 605 1811111111, 1. 717

8111111, 1. 313 tanimmairni, 11. 289

818111, 81118111, 111111, 11111111, 1. 313 181801181111, 1. 341

8110100100, 8111103011, 1. 533 181 aesi for 18188181, 1. 308, 723
818011181111, 11. 415 1818111 18188, 11. 416

81810, 81610, 11. 124 1818188800, 1. 667

81138, 11. 108 18111881 for tarabesi, 11. 61
slithid, 11. 106 -18111018, 1. 689

81111001, 11. 194 18111111101081111, 11. 170

uland, dat. 83., 11. 157, 210 180811 sor 18081188, 11. 93
811811181οω, 11. 300 180111 (gl. 1188, uadis), 11. 119, 139
811810818111, 11. 101 180111 318111 foir, 1. 682

8ο sor 11180, 1. 180 1800111188, 11. 415

8001101110, 1. 694 teduar, ’11. 140

χ 8681, 1. 481; soit, 1. 574 teistemain medh6nach, 1. 679
86111111· sor 86106111, 1. 666 nsit for, 1. 612

86111811 sor wirrici, 1. 581, 707 -telcid fuirib, 1. 603

solam, 1. 101, 719 tenchor, 11. 126

eoldus, 11. 7211. 18118 (118, tene (11811, 11. 138

“ 80111, 11. 416 18011, 1. 538

8008, 1. xxv termes, 11. 140

sepina for supino, 11. 173 tertpersin, 11. 152, 188

som, 11. 415 tesarbae, 1. 615

80111, 1. 617 1880, 11. 70, 418

8181111 (31. pratum), 11. 70 thal, 1. xxii

arian, 11. 415 thindnaeol, 11. 209

8103811, 11. 415 1001108001816, 11. 119

8103οᾶ for sroglud, 11. 120 tinch, 11. xxi; 118388, 11. 415
“ athrida, 1. 631 tigerni, (181. 83., 1. 549; Lat. pl. dat. tigerm's, 11.
” 8110011118 for saburra, 11. 71 276

subditi, 1. 675 tim, 11. 108

 

